{
    "name": "mario",
    "image": "mario.png",
    "K": [
        [
            320.0,
            0.0,
            256.0
        ],
        [
            0.0,
            320.0,
            256.0
        ],
        [
            0.0,
            0.0,
            1.0
        ]
    ],
    "c2w": [
        [
            [
                -0.10998077690601349,
                0.09032319486141205,
                0.989821195602417,
                0.0
            ],
            [
                0.0,
                0.9958623647689819,
                -0.09087446331977844,
                0.0
            ],
            [
                -0.9939337372779846,
                -0.009994444437325,
                -0.10952571779489517,
                0.0
            ],
            [
                0.0,
                0.0,
                0.0,
                1.0
            ]
        ],
        [
            [
                -0.11860171947628259,
                0.09093027110211552,
                0.9885955672711134,
                0.0
            ],
            [
                0.0,
                0.9957950383424758,
                -0.09159632911905646,
                0.0
            ],
            [
                -0.9927697744220495,
                -0.01089159395196475,
                -0.11810038289986549,
                0.0
            ],
            [
                0.0,
                0.0,
                0.0,
                1.0
            ]
        ],
        [
            [
                -0.1272226620465517,
                0.09153734734281897,
                0.9873699389398097,
                0.0
            ],
            [
                0.0,
                0.9957277119159698,
                -0.09231819491833448,
                0.0
            ],
            [
                -0.9916058115661144,
                -0.0117887434666045,
                -0.12667504800483584,
                0.0
            ],
            [
                0.0,
                0.0,
                0.0,
                1.0
            ]
        ],
        [
            [
                -0.13584360461682082,
                0.09214442358352243,
                0.9861443106085063,
                0.0
            ],
            [
                0.0,
                0.9956603854894638,
                -0.0930400607176125,
                0.0
            ],
            [
                -0.9904418487101794,
                -0.012685892981244251,
                -0.13524971310980616,
                0.0
            ],
            [
                0.0,
                0.0,
                0.0,
                1.0
            ]
        ],
        [
            [
                -0.14446454718708993,
                0.0927514998242259,
                0.9849186822772027,
                0.0
            ],
            [
                0.0,
                0.9955930590629578,
                -0.09376192651689053,
                0.0
            ],
            [
                -0.9892778858542443,
                -0.013583042495884,
                -0.1438243782147765,
                0.0
            ],
            [
                0.0,
                0.0,
                0.0,
                1.0
            ]
        ],
        [
            [
                -0.15308548975735903,
                0.09335857606492937,
                0.983693053945899,
                0.0
            ],
            [
                0.0,
                0.9955257326364517,
                -0.09448379231616855,
                0.0
            ],
            [
                -0.9881139229983091,
                -0.014480192010523751,
                -0.15239904331974685,
                0.0
            ],
            [
                0.0,
                0.0,
                0.0,
                1.0
            ]
        ],
        [
            [
                -0.16660925727337597,
                0.09466456696391105,
                0.9810039930045605,
                0.0
            ],
            [
                0.0,
                0.9953661769628525,
                -0.09607579456642269,
                0.0
            ],
            [
                -0.9855683989822864,
                -0.01612231498584151,
                -0.16582542955875396,
                0.0
            ],
            [
                0.0,
                0.0,
                0.0,
                1.0
            ]
        ],
        [
            [
                -0.18538605151697995,
                0.09671939499676227,
                0.9767469685524702,
                0.0
            ],
            [
                0.0,
                0.9951078042387962,
                -0.09860008587129414,
                0.0
            ],
            [
                -0.98154263086617,
                -0.018562623811885715,
                -0.18445008844137192,
                0.0
            ],
            [
                0.0,
                0.0,
                0.0,
                1.0
            ]
        ],
        [
            [
                -0.20416284576058386,
                0.0987742230296135,
                0.9724899441003799,
                0.0
            ],
            [
                0.0,
                0.99484943151474,
                -0.10112437717616557,
                0.0
            ],
            [
                -0.9775168627500533,
                -0.021002932637929916,
                -0.20307474732398986,
                0.0
            ],
            [
                0.0,
                0.0,
                0.0,
                1.0
            ]
        ],
        [
            [
                -0.2229396400041878,
                0.1008290510624647,
                0.9682329196482896,
                0.0
            ],
            [
                0.0,
                0.9945910587906838,
                -0.10364866848103702,
                0.0
            ],
            [
                -0.9734910946339369,
                -0.02344324146397412,
                -0.22169940620660783,
                0.0
            ],
            [
                0.0,
                0.0,
                0.0,
                1.0
            ]
        ],
        [
            [
                -0.24171643424779177,
                0.10288387909531593,
                0.9639758951961994,
                0.0
            ],
            [
                0.0,
                0.9943326860666275,
                -0.10617295978590846,
                0.0
            ],
            [
                -0.9694653265178204,
                -0.02588355029001832,
                -0.24032406508922577,
                0.0
            ],
            [
                0.0,
                0.0,
                0.0,
                1.0
            ]
        ],
        [
            [
                -0.2604932284913957,
                0.10493870712816715,
                0.9597188707441092,
                0.0
            ],
            [
                0.0,
                0.9940743133425712,
                -0.10869725109077989,
                0.0
            ],
            [
                -0.9654395584017038,
                -0.02832385911606252,
                -0.2589487239718437,
                0.0
            ],
            [
                0.0,
                0.0,
                0.0,
                1.0
            ]
        ],
        [
            [
                -0.2823305822908878,
                0.09616836849600077,
                0.9530776649713517,
                0.0
            ],
            [
                0.0,
                0.9947994619607926,
                -0.10006605535745622,
                0.0
            ],
            [
                -0.9580851823091507,
                -0.02738079787231982,
                -0.28093565106391905,
                0.0
            ],
            [
                0.0,
                0.0,
                0.0,
                1.0
            ]
        ],
        [
            [
                -0.3042772417888045,
                0.08701141676865519,
                0.9463513098657131,
                0.0
            ],
            [
                0.0,
                0.995559736341238,
                -0.09103644937276842,
                0.0
            ],
            [
                -0.9506119273602963,
                -0.026316901983227583,
                -0.303042659163475,
                0.0
            ],
            [
                0.0,
                0.0,
                0.0,
                1.0
            ]
        ],
        [
            [
                -0.32622390128672124,
                0.07785446504130959,
                0.9396249547600746,
                0.0
            ],
            [
                0.0,
                0.9963200107216835,
                -0.08200684338808059,
                0.0
            ],
            [
                -0.9431386724114418,
                -0.025253006094135343,
                -0.325149667263031,
                0.0
            ],
            [
                0.0,
                0.0,
                0.0,
                1.0
            ]
        ],
        [
            [
                -0.34817056078463793,
                0.06869751331396401,
                0.9328985996544361,
                0.0
            ],
            [
                0.0,
                0.997080285102129,
                -0.07297723740339279,
                0.0
            ],
            [
                -0.9356654174625874,
                -0.024189110205043107,
                -0.347256675362587,
                0.0
            ],
            [
                0.0,
                0.0,
                0.0,
                1.0
            ]
        ],
        [
            [
                -0.3701172202825546,
                0.059540561586618426,
                0.9261722445487975,
                0.0
            ],
            [
                0.0,
                0.9978405594825744,
                -0.06394763141870499,
                0.0
            ],
            [
                -0.9281921625137329,
                -0.02312521431595087,
                -0.36936368346214293,
                0.0
            ],
            [
                0.0,
                0.0,
                0.0,
                1.0
            ]
        ],
        [
            [
                -0.3876916259527206,
                0.05477558388374745,
                0.9199370104819535,
                0.0
            ],
            [
                0.0,
                0.9982298161834479,
                -0.05945234252139926,
                0.0
            ],
            [
                -0.9215674765408038,
                -0.023079247667919845,
                -0.38700346890836956,
                0.0
            ],
            [
                0.0,
                0.0,
                0.0,
                1.0
            ]
        ],
        [
            [
                -0.3998847961425781,
                0.055416112672537564,
                0.9143062330782413,
                0.0
            ],
            [
                0.0,
                0.9981624357402326,
                -0.06053775157779455,
                0.0
            ],
            [
                -0.9159871831536293,
                -0.024286117008887227,
                -0.39914513416588304,
                0.0
            ],
            [
                0.0,
                0.0,
                0.0,
                1.0
            ]
        ],
        [
            [
                -0.41207796633243565,
                0.056056641461327675,
                0.9086754556745291,
                0.0
            ],
            [
                0.0,
                0.998095055297017,
                -0.06162316063418984,
                0.0
            ],
            [
                -0.9104068897664547,
                -0.02549298634985462,
                -0.4112867994233966,
                0.0
            ],
            [
                0.0,
                0.0,
                0.0,
                1.0
            ]
        ],
        [
            [
                -0.4242711365222931,
                0.05669717025011778,
                0.9030446782708168,
                0.0
            ],
            [
                0.0,
                0.9980276748538017,
                -0.06270856969058514,
                0.0
            ],
            [
                -0.9048265963792801,
                -0.026699855690822005,
                -0.4234284646809101,
                0.0
            ],
            [
                0.0,
                0.0,
                0.0,
                1.0
            ]
        ],
        [
            [
                -0.4364643067121506,
                0.05733769903890788,
                0.8974139008671046,
                0.0
            ],
            [
                0.0,
                0.9979602944105863,
                -0.06379397874698042,
                0.0
            ],
            [
                -0.8992463029921055,
                -0.02790672503178939,
                -0.43557012993842364,
                0.0
            ],
            [
                0.0,
                0.0,
                0.0,
                1.0
            ]
        ],
        [
            [
                -0.448657476902008,
                0.057978227827697994,
                0.8917831234633922,
                0.0
            ],
            [
                0.0,
                0.997892913967371,
                -0.06487938780337572,
                0.0
            ],
            [
                -0.8936660096049308,
                -0.02911359437275678,
                -0.4477117951959372,
                0.0
            ],
            [
                0.0,
                0.0,
                0.0,
                1.0
            ]
        ],
        [
            [
                -0.4559081422165036,
                0.05956518580205739,
                0.8878765370696783,
                0.0
            ],
            [
                0.0,
                0.9977446146309377,
                -0.06697412929497659,
                0.0
            ],
            [
                -0.8898811500519515,
                -0.030597825918812306,
                -0.4548753492534161,
                0.0
            ],
            [
                0.0,
                0.0,
                0.0,
                1.0
            ]
        ],
        [
            [
                -0.4627926960587501,
                0.061222249642014503,
                0.8840976685285569,
                0.0
            ],
            [
                0.0,
                0.997590321302414,
                -0.06914363615214825,
                0.0
            ],
            [
                -0.8862292855978012,
                -0.032102602813392875,
                -0.4616701543331146,
                0.0
            ],
            [
                0.0,
                0.0,
                0.0,
                1.0
            ]
        ],
        [
            [
                -0.4696772499009967,
                0.06287931348197162,
                0.8803187999874353,
                0.0
            ],
            [
                0.0,
                0.9974360279738903,
                -0.0713131430093199,
                0.0
            ],
            [
                -0.882577421143651,
                -0.03360737970797345,
                -0.4684649594128132,
                0.0
            ],
            [
                0.0,
                0.0,
                0.0,
                1.0
            ]
        ],
        [
            [
                -0.4765618037432432,
                0.06453637732192874,
                0.8765399314463139,
                0.0
            ],
            [
                0.0,
                0.9972817346453666,
                -0.07348264986649156,
                0.0
            ],
            [
                -0.8789255566895009,
                -0.03511215660255402,
                -0.4752597644925117,
                0.0
            ],
            [
                0.0,
                0.0,
                0.0,
                1.0
            ]
        ],
        [
            [
                -0.48344635758548976,
                0.06619344116188586,
                0.8727610629051924,
                0.0
            ],
            [
                0.0,
                0.9971274413168429,
                -0.07565215672366321,
                0.0
            ],
            [
                -0.8752736922353507,
                -0.036616933497134595,
                -0.48205456957221027,
                0.0
            ],
            [
                0.0,
                0.0,
                0.0,
                1.0
            ]
        ],
        [
            [
                -0.48774377778172495,
                0.06715353354811668,
                0.8703995317220687,
                0.0
            ],
            [
                0.0,
                0.9970369935035706,
                -0.07692393660545349,
                0.0
            ],
            [
                -0.8729861781001091,
                -0.03751917099580169,
                -0.4862986028194427,
                0.0
            ],
            [
                0.0,
                0.0,
                0.0,
                1.0
            ]
        ],
        [
            [
                -0.48837609197944404,
                0.06712624970823526,
                0.8700458951294423,
                0.0
            ],
            [
                0.0,
                0.9970369935035706,
                -0.07692393660545349,
                0.0
            ],
            [
                -0.8726314935833216,
                -0.037567811016924677,
                -0.48692904263734815,
                0.0
            ],
            [
                0.0,
                0.0,
                0.0,
                1.0
            ]
        ],
        [
            [
                -0.4890084061771631,
                0.06709896586835384,
                0.8696922585368156,
                0.0
            ],
            [
                0.0,
                0.9970369935035706,
                -0.07692393660545349,
                0.0
            ],
            [
                -0.872276809066534,
                -0.03761645103804767,
                -0.4875594824552536,
                0.0
            ],
            [
                0.0,
                0.0,
                0.0,
                1.0
            ]
        ],
        [
            [
                -0.4896407203748822,
                0.06707168202847241,
                0.869338621944189,
                0.0
            ],
            [
                0.0,
                0.9970369935035706,
                -0.07692393660545349,
                0.0
            ],
            [
                -0.8719221245497465,
                -0.037665091059170666,
                -0.48818992227315905,
                0.0
            ],
            [
                0.0,
                0.0,
                0.0,
                1.0
            ]
        ],
        [
            [
                -0.4902730345726013,
                0.067044398188591,
                0.8689849853515625,
                0.0
            ],
            [
                0.0,
                0.9970369935035706,
                -0.07692393660545349,
                0.0
            ],
            [
                -0.8715674400329589,
                -0.037713731080293654,
                -0.4888203620910645,
                0.0
            ],
            [
                0.0,
                0.0,
                0.0,
                1.0
            ]
        ],
        [
            [
                -0.49090534877032044,
                0.06701711434870958,
                0.8686313487589359,
                0.0
            ],
            [
                0.0,
                0.9970369935035706,
                -0.07692393660545349,
                0.0
            ],
            [
                -0.8712127555161715,
                -0.03776237110141665,
                -0.48945080190896983,
                0.0
            ],
            [
                0.0,
                0.0,
                0.0,
                1.0
            ]
        ],
        [
            [
                -0.49026193767786025,
                0.06704484075307846,
                0.8689907193183899,
                0.0
            ],
            [
                0.0,
                0.9970369935035706,
                -0.07692393660545349,
                0.0
            ],
            [
                -0.8715731993317604,
                -0.03771287747658789,
                -0.4888092938810587,
                0.0
            ],
            [
                0.0,
                0.0,
                0.0,
                1.0
            ]
        ],
        [
            [
                -0.48947132751345634,
                0.06707891449332237,
                0.8694323599338531,
                0.0
            ],
            [
                0.0,
                0.9970369935035706,
                -0.07692393660545349,
                0.0
            ],
            [
                -0.8720161579549313,
                -0.0376520607387647,
                -0.48802102264016867,
                0.0
            ],
            [
                0.0,
                0.0,
                0.0,
                1.0
            ]
        ],
        [
            [
                -0.4886807173490524,
                0.06711298823356629,
                0.8698740005493164,
                0.0
            ],
            [
                0.0,
                0.9970369935035706,
                -0.07692393660545349,
                0.0
            ],
            [
                -0.8724591165781022,
                -0.03759124400094152,
                -0.48723275139927863,
                0.0
            ],
            [
                0.0,
                0.0,
                0.0,
                1.0
            ]
        ],
        [
            [
                -0.48789010718464854,
                0.0671470619738102,
                0.8703156411647797,
                0.0
            ],
            [
                0.0,
                0.9970369935035706,
                -0.07692393660545349,
                0.0
            ],
            [
                -0.8729020752012729,
                -0.037530427263118324,
                -0.4864444801583886,
                0.0
            ],
            [
                0.0,
                0.0,
                0.0,
                1.0
            ]
        ],
        [
            [
                -0.4870994970202446,
                0.06718113571405411,
                0.8707572817802429,
                0.0
            ],
            [
                0.0,
                0.9970369935035706,
                -0.07692393660545349,
                0.0
            ],
            [
                -0.8733450338244438,
                -0.03746961052529514,
                -0.4856562089174986,
                0.0
            ],
            [
                0.0,
                0.0,
                0.0,
                1.0
            ]
        ],
        [
            [
                -0.48515780325978997,
                0.06877775611355899,
                0.8716786500066518,
                0.0
            ],
            [
                0.0,
                0.9968833744525909,
                -0.07863576272502541,
                0.0
            ],
            [
                -0.8744055051356554,
                -0.038117109285667534,
                -0.48364875651896,
                0.0
            ],
            [
                0.0,
                0.0,
                0.0,
                1.0
            ]
        ],
        [
            [
                -0.48133251816034317,
                0.07293127104640007,
                0.873385027050972,
                0.0
            ],
            [
                0.0,
                0.9964783787727356,
                -0.0831487588584423,
                0.0
            ],
            [
                -0.87647645175457,
                -0.03992366977035999,
                -0.4796462804079056,
                0.0
            ],
            [
                0.0,
                0.0,
                0.0,
                1.0
            ]
        ],
        [
            [
                -0.4775072330608964,
                0.07708478597924112,
                0.8750914040952921,
                0.0
            ],
            [
                0.0,
                0.9960733830928803,
                -0.08766175499185919,
                0.0
            ],
            [
                -0.8785473983734846,
                -0.041730230255052445,
                -0.47564380429685116,
                0.0
            ],
            [
                0.0,
                0.0,
                0.0,
                1.0
            ]
        ],
        [
            [
                -0.47368194796144963,
                0.08123830091208219,
                0.8767977811396122,
                0.0
            ],
            [
                0.0,
                0.995668387413025,
                -0.0921747511252761,
                0.0
            ],
            [
                -0.8806183449923992,
                -0.043536790739744896,
                -0.47164132818579674,
                0.0
            ],
            [
                0.0,
                0.0,
                0.0,
                1.0
            ]
        ],
        [
            [
                -0.46985666286200284,
                0.08539181584492327,
                0.8785041581839323,
                0.0
            ],
            [
                0.0,
                0.9952633917331695,
                -0.09668774725869297,
                0.0
            ],
            [
                -0.8826892916113138,
                -0.04534335122443736,
                -0.4676388520747423,
                0.0
            ],
            [
                0.0,
                0.0,
                0.0,
                1.0
            ]
        ],
        [
            [
                -0.4660313777625561,
                0.0895453307777643,
                0.8802105352282523,
                0.0
            ],
            [
                0.0,
                0.9948583960533142,
                -0.10120074339210987,
                0.0
            ],
            [
                -0.8847602382302284,
                -0.047149911709129806,
                -0.4636363759636879,
                0.0
            ],
            [
                0.0,
                0.0,
                0.0,
                1.0
            ]
        ],
        [
            [
                -0.46411725506186485,
                0.09143557236529887,
                0.8810295853763819,
                0.0029314952553249896
            ],
            [
                0.0,
                0.9946530479937792,
                -0.10322150401771069,
                0.0
            ],
            [
                -0.8857663106173277,
                -0.04789641115348786,
                -0.46163676027208567,
                -0.0015167026140261441
            ],
            [
                0.0,
                0.0,
                0.0,
                1.0
            ]
        ],
        [
            [
                -0.46250891834497454,
                0.09296369021758438,
                0.8817066632211208,
                0.006332029751501984
            ],
            [
                0.0,
                0.9944796435534954,
                -0.10484350696206093,
                0.0
            ],
            [
                -0.8866020031273365,
                -0.04847330083139241,
                -0.45995760224759574,
                -0.0032760776462964747
            ],
            [
                0.0,
                0.0,
                0.0,
                1.0
            ]
        ],
        [
            [
                -0.4609005816280842,
                0.09449180806986987,
                0.8823837410658598,
                0.009732564247678946
            ],
            [
                0.0,
                0.9943062391132116,
                -0.10646550990641115,
                0.0
            ],
            [
                -0.8874376956373453,
                -0.049050190509296945,
                -0.45827844422310593,
                -0.005035452678566788
            ],
            [
                0.0,
                0.0,
                0.0,
                1.0
            ]
        ],
        [
            [
                -0.4592922449111939,
                0.09601992592215537,
                0.8830608189105987,
                0.01313309874385594
            ],
            [
                0.0,
                0.9941328346729279,
                -0.1080875128507614,
                0.0
            ],
            [
                -0.8882733881473541,
                -0.049627080187201494,
                -0.456599286198616,
                -0.006794827710837119
            ],
            [
                0.0,
                0.0,
                0.0,
                1.0
            ]
        ],
        [
            [
                -0.4576839081943035,
                0.09754804377444087,
                0.8837378967553378,
                0.016533633240032933
            ],
            [
                0.0,
                0.9939594302326441,
                -0.10970951579511165,
                0.0
            ],
            [
                -0.8891090806573629,
                -0.05020396986510604,
                -0.45492012817412614,
                -0.00855420274310745
            ],
            [
                0.0,
                0.0,
                0.0,
                1.0
            ]
        ],
        [
            [
                -0.4565745536237955,
                0.0986076695844531,
                0.8842036463320255,
                0.020363283227197826
            ],
            [
                0.0,
                0.9938388653099537,
                -0.11083431914448738,
                0.0
            ],
            [
                -0.8896851167082787,
                -0.05060407822020352,
                -0.45376154594123363,
                -0.010528731334488839
            ],
            [
                0.0,
                0.0,
                0.0,
                1.0
            ]
        ],
        [
            [
                -0.4564132651314139,
                0.09877716051414609,
                0.8842678721994162,
                0.025008252647239725
            ],
            [
                0.0,
                0.9938186954706907,
                -0.11101444326341152,
                0.0
            ],
            [
                -0.8897678054869175,
                -0.050668302061967554,
                -0.4535920577123761,
                -0.012912051688181242
            ],
            [
                0.0,
                0.0,
                0.0,
                1.0
            ]
        ],
        [
            [
                -0.4562519766390324,
                0.09894665144383907,
                0.8843320980668068,
                0.029653222067281576
            ],
            [
                0.0,
                0.9937985256314278,
                -0.11119456738233566,
                0.0
            ],
            [
                -0.8898504942655563,
                -0.05073252590373159,
                -0.45342256948351867,
                -0.01529537204187362
            ],
            [
                0.0,
                0.0,
                0.0,
                1.0
            ]
        ],
        [
            [
                -0.45609068814665077,
                0.09911614237353206,
                0.8843963239341974,
                0.03429819148732347
            ],
            [
                0.0,
                0.9937783557921648,
                -0.1113746915012598,
                0.0
            ],
            [
                -0.8899331830441952,
                -0.05079674974549561,
                -0.45325308125466107,
                -0.01767869239556602
            ],
            [
                0.0,
                0.0,
                0.0,
                1.0
            ]
        ],
        [
            [
                -0.4559293996542692,
                0.09928563330322504,
                0.8844605498015881,
                0.03894316090736537
            ],
            [
                0.0,
                0.9937581859529019,
                -0.11155481562018395,
                0.0
            ],
            [
                -0.890015871822834,
                -0.050860973587259654,
                -0.4530835930258036,
                -0.020062012749258423
            ],
            [
                0.0,
                0.0,
                0.0,
                1.0
            ]
        ],
        [
            [
                -0.45576811116188765,
                0.09945512423291802,
                0.8845247756689787,
                0.04358813032740727
            ],
            [
                0.0,
                0.9937380161136389,
                -0.11173493973910809,
                0.0
            ],
            [
                -0.8900985606014729,
                -0.05092519742902368,
                -0.45291410479694605,
                -0.022445333102950826
            ],
            [
                0.0,
                0.0,
                0.0,
                1.0
            ]
        ],
        [
            [
                -0.4470610946416854,
                0.09939531423151493,
                0.8886693567037582,
                0.04808683134615422
            ],
            [
                0.0,
                0.9938004046678544,
                -0.11116962321102619,
                0.0
            ],
            [
                -0.8942115813493728,
                -0.04972894564270973,
                -0.444286261498928,
                -0.02468715645372868
            ],
            [
                0.0,
                0.0,
                0.0,
                1.0
            ]
        ],
        [
            [
                -0.43657371811568746,
                0.09928773320280015,
                0.8936640117317438,
                0.052555059781298014
            ],
            [
                0.0,
                0.9938799928873777,
                -0.11044900654815137,
                0.0
            ],
            [
                -0.8991642545908689,
                -0.048270094767212876,
                -0.4338962608948351,
                -0.026899501262232648
            ],
            [
                0.0,
                0.0,
                0.0,
                1.0
            ]
        ],
        [
            [
                -0.4260863415896893,
                0.09918015217408538,
                0.8986586667597294,
                0.057023288216441856
            ],
            [
                0.0,
                0.9939595811069012,
                -0.10972838988527656,
                0.0
            ],
            [
                -0.904116927832365,
                -0.04681124389171601,
                -0.423506260290742,
                -0.029111846070736636
            ],
            [
                0.0,
                0.0,
                0.0,
                1.0
            ]
        ],
        [
            [
                -0.4155989650636912,
                0.0990725711453706,
                0.903653321787715,
                0.06149151665158569
            ],
            [
                0.0,
                0.9940391693264246,
                -0.10900777322240174,
                0.0
            ],
            [
                -0.9090696010738611,
                -0.04535239301621914,
                -0.4131162596866489,
                -0.031324190879240627
            ],
            [
                0.0,
                0.0,
                0.0,
                1.0
            ]
        ],
        [
            [
                -0.405111588537693,
                0.09896499011665583,
                0.9086479768157005,
                0.06595974508672953
            ],
            [
                0.0,
                0.994118757545948,
                -0.10828715655952692,
                0.0
            ],
            [
                -0.9140222743153572,
                -0.043893542140722275,
                -0.40272625908255577,
                -0.03353653568774462
            ],
            [
                0.0,
                0.0,
                0.0,
                1.0
            ]
        ],
        [
            [
                -0.3919171154499054,
                0.09907385329715908,
                0.9142800655215979,
                0.0704902389086783
            ],
            [
                0.0,
                0.9941796809434891,
                -0.10773425423540176,
                0.0
            ],
            [
                -0.9196324240416288,
                -0.04222849057987332,
                -0.389635438285768,
                -0.035605771234259016
            ],
            [
                0.0,
                0.0,
                0.0,
                1.0
            ]
        ],
        [
            [
                -0.37270687222480786,
                0.09966370360925794,
                0.9213286735117434,
                0.07515910025686023
            ],
            [
                0.0,
                0.994199126958847,
                -0.10755405044183135,
                0.0
            ],
            [
                -0.9267036326229572,
                -0.040105215273797526,
                -0.3705427948385478,
                -0.03735698619857429
            ],
            [
                0.0,
                0.0,
                0.0,
                1.0
            ]
        ],
        [
            [
                -0.3534966289997101,
                0.10025355392135679,
                0.9283772815018891,
                0.0798279616050422
            ],
            [
                0.0,
                0.994218572974205,
                -0.10737384664826094,
                0.0
            ],
            [
                -0.9337748412042856,
                -0.037981939967721715,
                -0.35145015139132746,
                -0.03910820116288959
            ],
            [
                0.0,
                0.0,
                0.0,
                1.0
            ]
        ],
        [
            [
                -0.33428638577461245,
                0.10084340423345566,
                0.9354258894920349,
                0.08449682295322417
            ],
            [
                0.0,
                0.994238018989563,
                -0.10719364285469055,
                0.0
            ],
            [
                -0.940846049785614,
                -0.03585866466164589,
                -0.3323575079441071,
                -0.040859416127204895
            ],
            [
                0.0,
                0.0,
                0.0,
                1.0
            ]
        ],
        [
            [
                -0.31507614254951477,
                0.10143325454555452,
                0.9424744974821806,
                0.08916568430140615
            ],
            [
                0.0,
