{
    "name": "mario",
    "image": "mario.png",
    "K": [
        [
            320.0,
            0.0,
            256.0
        ],
        [
            0.0,
            320.0,
            256.0
        ],
        [
            0.0,
            0.0,
            1.0
        ]
    ],
    "c2w": [
        [
            [
                -0.10998077690601349,
                0.09032319486141205,
                0.989821195602417,
                0.0
            ],
            [
                0.0,
                0.9958623647689819,
                -0.09087446331977844,
                0.0
            ],
            [
                -0.9939337372779846,
                -0.009994444437325,
                -0.10952571779489517,
                0.0
            ],
            [
                0.0,
                0.0,
                0.0,
                1.0
            ]
        ],
        [
            [
                -0.1575445979833603,
                0.09367258101701736,
                0.9830591082572937,
                0.0
            ],
            [
                0.0,
                0.9954909086227417,
                -0.09485717117786407,
                0.0
            ],
            [
                -0.9875118732452393,
                -0.014944234862923622,
                -0.156834214925766,
                0.0
            ],
            [
                0.0,
                0.0,
                0.0,
                1.0
            ]
        ],
        [
            [
                -0.26114070415496826,
                0.10500956326723099,
                0.9595720767974854,
                0.0
            ],
            [
                0.0,
                0.9940654039382935,
                -0.10878429561853409,
                0.0
            ],
            [
                -0.9653007388114929,
                -0.028408007696270943,
                -0.2595909535884857,
                0.0
            ],
            [
                0.0,
                0.0,
                0.0,
                1.0
            ]
        ],
        [
            [
                -0.38222572207450867,
                0.05448845028877258,
                0.9224611520767212,
                0.0
            ],
            [
                0.0,
                0.9982600212097168,
                -0.0589657798409462,
                0.0
            ],
            [
                -0.9240689873695374,
                -0.022538237273693085,
                -0.38156065344810486,
                0.0
            ],
            [
                0.0,
                0.0,
                0.0,
                1.0
            ]
        ],
        [
            [
                -0.44949838519096375,
                0.058022402226924896,
                0.8913947939872742,
                0.0
            ],
            [
                0.0,
                0.9978882670402527,
                -0.0649542436003685,
                0.0
            ],
            [
                -0.8932811617851257,
                -0.029196826741099358,
                -0.44854915142059326,
                0.0
            ],
            [
                0.0,
                0.0,
                0.0,
                1.0
            ]
        ],
        [
            [
                -0.48748213052749634,
                0.0671648234128952,
                0.8705458641052246,
                0.0
            ],
            [
                0.0,
                0.9970369935035706,
                -0.07692393660545349,
                0.0
            ],
            [
                -0.8731329441070557,
                -0.037499044090509415,
                -0.4860377311706543,
                0.0
            ],
            [
                0.0,
                0.0,
                0.0,
                1.0
            ]
        ],
        [
            [
                -0.49097076058387756,
                0.06701429188251495,
                0.868594765663147,
                0.0
            ],
            [
                0.0,
                0.9970369935035706,
                -0.07692393660545349,
                0.0
            ],
            [
                -0.8711760640144348,
                -0.037767402827739716,
                -0.489516019821167,
                0.0
            ],
            [
                0.0,
                0.0,
                0.0,
                1.0
            ]
        ],
        [
            [
                -0.4866087734699249,
                0.06720228493213654,
                0.8710314035415649,
                0.0
            ],
            [
                0.0,
                0.9970369935035706,
                -0.07692393660545349,
                0.0
            ],
            [
                -0.8736199736595154,
                -0.03743186220526695,
                -0.4851669371128082,
                0.0
            ],
            [
                0.0,
                0.0,
                0.0,
                1.0
            ]
        ],
        [
            [
                -0.4655037522315979,
                0.09011822938919067,
                0.8804458975791931,
                0.0
            ],
            [
                0.0,
                0.9948025345802307,
                -0.10182322561740875,
                0.0
            ],
            [
                -0.8850458860397339,
                -0.047399092465639114,
                -0.46308431029319763,
                0.0
            ],
            [
                0.0,
                0.0,
                0.0,
                1.0
            ]
        ],
        [
            [
                -0.4566301703453064,
                0.09854922443628311,
                0.8841814994812012,
                0.018761569634079933
            ],
            [
                0.0,
                0.9938458204269409,
                -0.11077220737934113,
                0.0
            ],
            [
                -0.8896566033363342,
                -0.050581932067871094,
                -0.45381999015808105,
                -0.009706896729767323
            ],
            [
                0.0,
                0.0,
                0.0,
                1.0
            ]
        ],
        [
            [
                -0.4557403028011322,
                0.09948434680700302,
                0.8845358490943909,
                0.04438898712396622
            ],
            [
                0.0,
                0.9937345385551453,
                -0.11176599562168121,
                0.0
            ],
            [
                -0.8901128172874451,
                -0.050936270505189896,
                -0.45288488268852234,
                -0.022856250405311584
            ],
            [
                0.0,
                0.0,
                0.0,
                1.0
            ]
        ],
        [
            [
                -0.3978789150714874,
                0.09889079630374908,
                0.9120925664901733,
                0.06904128193855286
            ],
            [
                0.0,
                0.9941736459732056,
                -0.10779017955064774,
                0.0
            ],
            [
                -0.9174379110336304,
                -0.04288743808865547,
                -0.39556074142456055,
                -0.035062290728092194
            ],
            [
                0.0,
                0.0,
                0.0,
                1.0
            ]
        ],
        [
            [
                -0.2918913662433624,
                0.10214514285326004,
                0.9509814381599426,
                0.09480051696300507
            ],
            [
                0.0,
                0.9942809343338013,
                -0.10679595172405243,
                0.0
            ],
            [
                -0.9564514756202698,
                -0.031172815710306168,
                -0.29022201895713806,
                -0.04472416639328003
            ],
            [
                0.0,
                0.0,
                0.0,
                1.0
            ]
        ],
        [
            [
                -0.17332395911216736,
                0.10517958551645279,
                0.9792323708534241,
                0.12080372124910355
            ],
            [
                0.0,
                0.9942809343338013,
                -0.10679595172405243,
                0.0
            ],
            [
                -0.9848648905754089,
                -0.018510296940803528,
                -0.17233270406723022,
                -0.05107172578573227
            ],
            [
                0.0,
                0.0,
                0.0,
                1.0
            ]
        ],
        [
            [
                -0.10401523858308792,
                0.12301158159971237,
                0.9869391918182373,
                0.1441693753004074
            ],
            [
                0.0,
                0.9923218488693237,
                -0.12368247658014297,
                0.0
            ],
            [
                -0.9945756793022156,
                -0.012864862568676472,
                -0.10321659594774246,
                -0.04103816673159599
            ],
            [
                0.0,
                0.0,
                0.0,
                1.0
            ]
        ],
        [
            [
                -0.3251815438270569,
                0.1534595638513565,
                0.9331168532371521,
                0.16861025989055634
            ],
            [
                0.0,
                0.9867448806762695,
                -0.1622791737318039,
                0.0
            ],
            [
                -0.9456515908241272,
                -0.05277019366621971,
                -0.3208712339401245,
                -0.0369681715965271
            ],
            [
                0.0,
                0.0,
                0.0,
                1.0
            ]
        ],
        [
            [
                -0.5330520272254944,
                0.14397604763507843,
                0.8337424397468567,
                0.1932235062122345
            ],
            [
                0.0,
                0.9854151010513306,
                -0.17016786336898804,
                0.0
            ],
            [
                -0.8460824489593506,
                -0.09070832282304764,
                -0.5252774953842163,
                -0.049029555171728134
            ],
            [
                0.0,
                0.0,
                0.0,
                1.0
            ]
        ],
        [
            [
                -0.5933415293693542,
                0.11551275104284286,
                0.7966195344924927,
                0.21586868166923523
            ],
            [
                0.0,
                0.9896498918533325,
                -0.1435028612613678,
                0.0
            ],
            [
                -0.8049508333206177,
                -0.08514620363712311,
                -0.587200403213501,
                -0.06472726166248322
            ],
            [
                0.0,
                0.0,
                0.0,
                1.0
            ]
        ],
        [
            [
                -0.498791366815567,
                0.059756387025117874,
                0.8646597266197205,
                0.2383090853691101
            ],
            [
                0.0,
                0.9976204633712769,
                -0.0689452663064003,
                0.0
            ],
            [
                -0.8667221069335938,
                -0.034389302134513855,
                -0.49760448932647705,
                -0.08063671737909317
            ],
            [
                0.0,
                0.0,
                0.0,
                1.0
            ]
        ],
        [
            [
                -0.3505925238132477,
                0.06737178564071655,
                0.9341016411781311,
                0.2632606029510498
            ],
            [
                0.0,
                0.9974091053009033,
                -0.07193781435489655,
                0.0
            ],
            [
                -0.9365280866622925,
                -0.025220859795808792,
                -0.3496841788291931,
                -0.09217534214258194
            ],
            [
                0.0,
                0.0,
                0.0,
                1.0
            ]
        ],
        [
            [
                -0.19984890520572662,
                0.08806540817022324,
                0.975861132144928,
                0.2896425127983093
            ],
            [
                0.0,
                0.9959527254104614,
                -0.08987855166196823,
                0.0
            ],
            [
                -0.9798267483711243,
                -0.017962129786610603,
                -0.19904005527496338,
                -0.09947022050619125
            ],
            [
                0.0,
                0.0,
                0.0,
                1.0
            ]
        ],
        [
            [
                -0.08011775463819504,
                0.12229570001363754,
                0.9892547130584717,
                0.3176293969154358
            ],
            [
                0.0,
                0.9924450516700745,
                -0.1226900964975357,
                0.0
            ],
            [
                -0.9967854022979736,
                -0.009829655289649963,
                -0.07951246947050095,
                -0.10338368266820908
            ],
            [
                0.0,
                0.0,
                0.0,
                1.0
            ]
        ],
        [
            [
                0.04877692833542824,
                0.13541977107524872,
                0.9895868897438049,
                0.3451288044452667
            ],
            [
                0.0,
                0.9907662272453308,
                -0.1355811506509781,
                0.0
            ],
            [
                -0.9988096952438354,
                0.00661323219537735,
                0.048326533287763596,
                -0.10392843186855316
            ],
            [
                0.0,
                0.0,
                0.0,
                1.0
            ]
        ],
        [
            [
                0.1709524691104889,
                0.1247943714261055,
                0.9773441553115845,
                0.37245044112205505
            ],
            [
                0.0,
                0.9919463396072388,
                -0.12665888667106628,
                0.0
            ],
            [
                -0.9852792620658875,
                0.021652650088071823,
                0.16957567632198334,
                -0.100841224193573
            ],
            [
                0.0,
                0.0,
                0.0,
                1.0
            ]
        ],
        [
            [
                0.268462210893631,
                0.10479084402322769,
                0.9575734734535217,
                0.39857542514801025
            ],
            [
                0.0,
                0.9940654039382935,
                -0.10878429561853409,
                0.0
            ],
            [
                -0.9632902145385742,
                0.02920447289943695,
                0.2668690085411072,
                -0.09476207941770554
            ],
            [
                0.0,
                0.0,
                0.0,
                1.0
            ]
        ],
        [
            [
                0.3295210897922516,
                0.09331806749105453,
                0.9395251870155334,
                0.4247652292251587
            ],
            [
                0.0,
                0.9951034784317017,
                -0.09883836656808853,
                0.0
            ],
            [
                -0.9441482424736023,
                0.03256932646036148,
                0.32790759205818176,
                -0.0861373320221901
            ],
            [
                0.0,
                0.0,
                0.0,
                1.0
            ]
        ],
        [
            [
                0.3295210897922516,
                0.09331806749105453,
                0.9395251870155334,
                0.4501437544822693
            ],
            [
                0.0,
                0.9951034784317017,
                -0.09883836656808853,
                0.0
            ],
            [
                -0.9441482424736023,
                0.03256932646036148,
                0.32790759205818176,
                -0.07727975398302078
            ],
            [
                0.0,
                0.0,
                0.0,
                1.0
            ]
        ],
        [
            [
                0.3295210897922516,
                0.09331806749105453,
                0.9395251870155334,
                0.4761228859424591
            ],
            [
                0.0,
                0.9951034784317017,
                -0.09883836656808853,
                0.0
            ],
            [
                -0.9441482424736023,
                0.03256932646036148,
                0.32790759205818176,
                -0.0682125836610794
            ],
            [
                0.0,
                0.0,
                0.0,
                1.0
            ]
        ],
        [
            [
                0.3295210897922516,
                0.09331806749105453,
                0.9395251870155334,
                0.5015128254890442
            ],
            [
                0.0,
                0.9951034784317017,
                -0.09883836656808853,
                0.0
            ],
            [
                -0.9441482424736023,
                0.03256932646036148,
                0.32790759205818176,
                -0.059351079165935516
            ],
            [
                0.0,
                0.0,
                0.0,
                1.0
            ]
        ],
        [
            [
                0.5182439088821411,
                0.0964357852935791,
                0.8497784733772278,
                0.5263248085975647
            ],
            [
                0.0,
                0.9936223030090332,
                -0.11275967955589294,
                0.0
            ],
            [
                -0.8552328944206238,
                0.05843701586127281,
                0.5149387121200562,
                -0.04799142852425575
            ],
            [
                0.0,
                0.0,
                0.0,
                1.0
            ]
        ]
    ]
}